"species","size","views"
"Asparagus densiflorus",9611,35
